10		3.188604378352276		0.8212083644997231
20		3.129567139230173		0.8277841184987864
30		3.163974079587221		0.8318579936630486
40		3.164499177104616		0.8386598035214331
50		3.2345199861915823		0.7943742948005065
60		3.2366469334322105		0.80684437315065
70		3.202254199839814		0.7717848922437343
80		3.1768831356809493		0.7809978714311617
90		3.0586012737404507		0.7929694733920032
100		3.0833746320268833		0.8084612025057075
110		3.0144827765785442		0.7793881456096836
120		3.0798467569200474		0.8307788549330285
130		3.138769993778143		0.8226847604246302
140		3.1289798769554578		0.7923662059023099
150		3.169528285143202		0.7983763878190887
160		3.03089904393624		0.8101642343920145
170		3.1122667137043223		0.7953226138980013
180		3.13124963765547		0.7948112364738527
190		3.142532111734621		0.7975071425611391
200		3.1239663930912216		0.809710282474149
210		3.1977797715608824		0.792196560261423
220		3.20361484600395		0.8104306924347344
230		3.220951667213905		0.7932012034508377
240		3.0890836143123934		0.8365966397251506
250		3.1111516193462734		0.7845817815500886
260		3.1486594654050424		0.8082965033383944
270		3.2160217226829753		0.7964022248238583
280		3.1653739703777086		0.7917553080770886
290		3.2427637372169875		0.7943039044458642
300		3.100679174749689		0.8073920559010216
310		3.1652028132990226		0.8120236590894043
320		3.0628750863959224		0.7961509518486577
330		3.201953432410494		0.8083446426078564
340		3.074179212157404		0.7973821008142062
350		3.1792477638444407		0.800970559240933
360		3.1251267620139305		0.7928152777165809
370		3.182689234876792		0.8017845953712017
380		3.191907145089169		0.8000766648626857
390		3.1388394742899814		0.8176918603341669
400		3.0851579906118944		0.805036971594926
410		3.128063453336985		0.8028110650609094
420		3.164332900416327		0.8051626465046445
430		3.148321633091925		0.7961802636932418
440		3.166069592906497		0.8023808166038487
450		3.133642674303115		0.7982447600944476
460		3.136045214809759		0.8122947661805585
470		3.214505769675971		0.7952882680601899
480		3.103125091564605		0.8016944282386201
490		3.1541517353046338		0.8052319116280251
500		3.1231883498591415		0.8017844295444644
510		3.147380519177748		0.8011046937794922
520		3.1484768948268314		0.7938396059164757
530		3.1018303808888903		0.8158480341755345
540		3.154183659992134		0.8077511987107945
550		3.1088775791359113		0.7963104566007881
560		3.144471221142506		0.8078260584900402
570		3.0739090098047392		0.7980118584956025
580		3.12419789319266		0.8063416911734094
590		3.133405603584124		0.8093335778424421
600		3.1534118920539207		0.8076196279324745
610		3.1151233392384543		0.805685079536154
620		3.1469272854430286		0.8115779996311482
630		3.0964355582534946		0.8076922877776572
640		3.180719712441695		0.8076035745601533
650		3.1512370247187635		0.8024253080119393
660		3.1322003073662725		0.7890437941836336
670		3.1605749657299764		0.8123498020858123
680		3.132483123095788		0.8124631025431063
690		3.1522049735381796		0.7994107090857896
700		3.155014078479577		0.7954746795987185
710		3.134541223731589		0.7891394201861268
720		3.1453734713640884		0.791437524404631
730		3.1519004176336076		0.7995489135787551
740		3.1435194882904356		0.801620903611307
750		3.18372310742918		0.7947187490095903
760		3.1265179080711247		0.8042926002408416
770		3.1359248334072687		0.7990585500645125
780		3.1154350866217544		0.8058733560532466
790		3.1519387374357573		0.798974210336315
800		3.138383093571408		0.8040142253502258
810		3.170819310401706		0.80512488932787
820		3.118519357955403		0.80778382184859
830		3.106492754843127		0.8029395529409822
840		3.1860313552071533		0.8025206673063817
850		3.122152042752336		0.7961261311945762
860		3.108911956555831		0.7997449416005321
870		3.1538432640001397		0.8004317249702526
880		3.195012639416642		0.7949431364918573
890		3.150649092115997		0.7938301617731515
900		3.167633090222513		0.7996737761288385
910		3.1506819380456155		0.8154940307384531
920		3.125134378988573		0.809293497083712
930		3.135190403153207		0.8048269942330335
940		3.1643992332124276		0.8053755473063271
950		3.1850203133712833		0.7965643785870992
960		3.1306822084796693		0.8002726239438911
970		3.18448667397757		0.7974340862703435
980		3.137563724309514		0.8064189250497654
990		3.1371262919408442		0.8042964568782613
1000		3.115980156535487		0.8041426826447632
1010		3.1549212956702535		0.7970986376778271
1020		3.136639878460615		0.8059513949562517
1030		3.135902137242675		0.804826501914905
1040		3.127389046413896		0.8054235148565754
1050		3.160597825536832		0.7929014324134178
1060		3.129296320959127		0.8000888219229022
1070		3.1513725402879356		0.7867922212590979
1080		3.1337235132832895		0.8112868417857122
1090		3.1619159134637234		0.8019340772795627
1100		3.1000699659853432		0.8041766748530285
1110		3.1205863156442173		0.8041140923991409
1120		3.1738890212328874		0.8029132341564194
1130		3.1355041634876093		0.8047452042448019
1140		3.1163462709922376		0.7955891236686267
1150		3.145001589506483		0.8059204303814862
1160		3.126510618043317		0.8058108215301016
1170		3.134081808275255		0.8089471369546184
1180		3.143885081593075		0.7950602881909373
1190		3.1341333819993316		0.7988184616734347
1200		3.132591876091408		0.7975351585838305
1210		3.1759595172694643		0.7937141755463417
1220		3.1302992197576827		0.8026062166024709
1230		3.1227632297461905		0.8053803079600836
1240		3.165408092083622		0.8033842268002548
1250		3.129549527233204		0.8042318773563933
1260		3.131180017510892		0.7914194801684649
1270		3.1500196465913537		0.8103037707473077
1280		3.112239470835106		0.8039738775664799
1290		3.1382653432819394		0.8018091739134179
1300		3.158289084515409		0.8004151518858511
1310		3.1886304355869735		0.7972550695959488
1320		3.1413191450193882		0.7998772059450138
1330		3.1648359504672445		0.7989830022569231
1340		3.1273773196498498		0.8078169769257042
1350		3.134631591883621		0.794828155378959
1360		3.1700669636366583		0.7974209791959295
1370		3.1259482787512014		0.7981855964470368
1380		3.13665602399064		0.7990961338435768
1390		3.17729750300136		0.7993641120991712
1400		3.1462818486852497		0.8093602692995879
1410		3.1541920928033136		0.7967848704083397
1420		3.1372841830685347		0.8014993904399211
1430		3.129251776629628		0.7987744275753341
1440		3.1366055894564897		0.8018542292109029
1450		3.1587650503824123		0.8019944643174364
1460		3.11913834361623		0.7980669301353839
1470		3.10977661652392		0.8036381416663073
1480		3.1239382688303596		0.8032244141678169
1490		3.1406098577106287		0.8023119674104001
1500		3.1650921019935625		0.8020544916791362
1510		3.184889382065603		0.7967624357991006
1520		3.1344884785817535		0.8001660724983689
1530		3.1235940174032266		0.7986572388268403
1540		3.1648474588769315		0.7976374352549793
1550		3.1157078144063064		0.800623318371803
1560		3.158000010817003		0.7991653038019302
1570		3.1593031089022885		0.8023992640758023
1580		3.162055531836298		0.7998161049201327
1590		3.1567613843804367		0.7996566596309177
1600		3.1410993490158905		0.8010134235173761
1610		3.14083846683922		0.79716604015303
1620		3.1577265367770964		0.8048270086527932
1630		3.1454920787488585		0.7991367159711882
1640		3.124322239682937		0.8002525429164402
1650		3.1335077098726494		0.803936232429484
1660		3.1479838788563237		0.802807337486095
1670		3.125864256343099		0.7949625723990169
1680		3.1575299081332107		0.8034364308978988
1690		3.1415243017789884		0.7963371472479509
1700		3.1138167304603788		0.8005982692297859
1710		3.1399244618665425		0.8004263568823696
1720		3.1392618633844416		0.8075342722229207
1730		3.1488451924508483		0.7980466921486745
1740		3.1812455113644407		0.8035311308842892
1750		3.1513206647012573		0.7995872243370615
1760		3.16711710396262		0.805709696465129
1770		3.1551893886040014		0.8030122097772041
1780		3.137265113731527		0.8000114636716342
1790		3.134197970601418		0.8089734350324058
1800		3.1293966287382124		0.8069005076502964
1810		3.1268921204125806		0.8008646109435396
1820		3.129046567928662		0.7927704613167558
1830		3.1611292801680677		0.7990827921278536
1840		3.148653968929672		0.8010138005808466
1850		3.16110595695612		0.8012081845599308
1860		3.13931333435691		0.7984543649701384
1870		3.1243593344004856		0.8045966391570415
1880		3.1488243797901645		0.7974824119758186
1890		3.133967202025337		0.8012222046943211
1900		3.1271296882094024		0.8025320677560875
1910		3.145674955343788		0.8019623843909253
1920		3.1402586664497587		0.8008883306365019
1930		3.127553634023943		0.7990398101490217
1940		3.159836893381668		0.8047707820385132
1950		3.1447151101991433		0.805669689835732
1960		3.125284638181159		0.801200685267357
1970		3.141265599333841		0.806033835977721
1980		3.122416491786178		0.7989202243678077
1990		3.1280422457161574		0.8017270546689242
2000		3.121740695979694		0.8058689343840538
2010		3.1230769142243644		0.8001621796015922
2020		3.135883584970969		0.8037761390797301
2030		3.1429706611269834		0.8037712935639351
2040		3.1206439361585585		0.8005791612906513
2050		3.1393455572679896		0.7953259510250449
2060		3.134610840971194		0.7949425812036555
2070		3.123011288366173		0.801378751886694
2080		3.1215183076066837		0.8052727980768114
2090		3.1671432498542926		0.8007341159532645
2100		3.1281401991433744		0.8003117214995644
2110		3.1388109607461265		0.805749466985077
2120		3.124497495815575		0.8049731465672707
2130		3.1446930944917573		0.803140626891583
2140		3.165703567660822		0.7940646723941771
2150		3.135482722356289		0.7992944023433669
2160		3.1207641141633853		0.8047319115822358
2170		3.1390587954584293		0.7999054793950602
2180		3.162158539959615		0.7982237697611764
2190		3.1590936895307795		0.8065008365242373
2200		3.1453341962573877		0.8039305241913044
2210		3.1423203479775		0.8005107822469171
2220		3.1403648697905804		0.8039510004963061
2230		3.139982155077884		0.802538004233644
2240		3.1206592112166187		0.80454994957327
2250		3.1403114318636542		0.7967698736417171
2260		3.1428388080198273		0.7995028799463572
2270		3.1505724876672616		0.7937610258443949
2280		3.117778409992727		0.8024715742528005
2290		3.1641059646484857		0.7981036752951384
2300		3.151122070026708		0.793006398906986
2310		3.171211474210094		0.8012408091647325
2320		3.1424691037893853		0.7970297661972259
2330		3.141368293311335		0.8013839568094946
2340		3.128659946384013		0.7992952820490047
2350		3.1367218393994856		0.8009373321192593
2360		3.1102134740932033		0.8055675424258548
2370		3.143117516171421		0.7960032288156019
2380		3.1434423511078258		0.8064651936081605
2390		3.1228270944279157		0.8019770957031568
2400		3.148014252817894		0.7984051468665883
2410		3.150757510234383		0.8008095292316594
2420		3.157454427253351		0.7985165712389483
2430		3.1250203874111233		0.8021308256154945
2440		3.147862500462808		0.802506393744965
2450		3.1391857167221136		0.8030464966325375
2460		3.142556892141267		0.798014825318386
2470		3.131371857382838		0.8069533230583263
2480		3.1537634658448397		0.797642285287778
2490		3.1483472818545546		0.8014037586125343
2500		3.148220357705827		0.8043012712808911
2510		3.1151425844744223		0.8084648433054522
2520		3.149013140733279		0.8026842645708354
2530		3.1542612431523636		0.8009538668448748
2540		3.14711866622088		0.8036138207839241
2550		3.1409246873520984		0.7973425050270471
2560		3.157975241148522		0.8016756749001891
2570		3.1422846124685315		0.8010127522206486
2580		3.122326590382092		0.7998864533076722
2590		3.146467319662202		0.804842251378046
2600		3.158201412735179		0.7973912426313452
2610		3.128275672811555		0.7983696012327988
2620		3.135708252359914		0.8015497097884949
2630		3.1342478599204044		0.7983508479050007
2640		3.1261491986121737		0.801237871655262
2650		3.1392837806590856		0.8008281252493039
2660		3.1409672449401427		0.80490494679865
2670		3.1444678330790223		0.7998851213723334
2680		3.1613030541149554		0.7979507894650082
2690		3.1335089107115137		0.7999744381686255
2700		3.1524703274629062		0.8016377353174695
2710		3.1468435702531106		0.8033500745175555
2720		3.14338823887171		0.8032979503744848
2730		3.1476914395761795		0.7982060097285343
2740		3.1434897359426874		0.805055327360087
2750		3.1297071709573463		0.799911481149621
2760		3.1248275572932807		0.8051956085971697
2770		3.1489215170926386		0.8008432772082227
2780		3.135185571065799		0.8018010814481734
2790		3.1687510516531154		0.7989045741408739
2800		3.1414910771139315		0.8036189785260591
2810		3.1562282388176284		0.804309675534618
2820		3.119368397359876		0.800113120077674
2830		3.1343720094621244		0.8063518408066991
2840		3.1478440106353656		0.8028002409567271
2850		3.1497591499896136		0.8034416689937731
2860		3.1483391772642193		0.7983228386251782
2870		3.1466677740503535		0.8013961164966096
2880		3.143973136004409		0.8038849831520268
2890		3.1450124731991083		0.8037322553883882
2900		3.1449469266660173		0.8012984598431467
2910		3.141737602721236		0.7980960200043306
2920		3.1516229793057753		0.8018161345435622
2930		3.1341567508035766		0.8021423861989351
2940		3.1403624720751657		0.8030703180904472
2950		3.1257980145555995		0.8040449852600058
2960		3.1524760081237346		0.7995839495417574
2970		3.143134076458316		0.7987618642520152
2980		3.1530762512838426		0.7997066468028171
2990		3.157767173558854		0.8027364635399215
3000		3.1369313722408965		0.8013302546296607
3010		3.1526757873024347		0.8025538555770894
3020		3.1249450604522377		0.8032047555028011
3030		3.1414056186148396		0.7976575479049219
3040		3.1554718840278784		0.8021179892176404
3050		3.1379889890877988		0.8011931118275367
3060		3.1332906203573754		0.8037920400516474
3070		3.129293046310432		0.7944123631504824
3080		3.122875602759663		0.8005017115129042
3090		3.1442031586058317		0.800265676243094
3100		3.1443716732863276		0.8045532333203625
3110		3.1363470815766443		0.8013428615460334
3120		3.1451261023496198		0.7969854171642594
3130		3.1423115714665664		0.8043249229413025
3140		3.1269784469134922		0.8023427176027332
3150		3.1439457341450683		0.8010117224303531
3160		3.1389850725175723		0.7971092434926718
3170		3.142339007699897		0.7992477518362348
3180		3.1294768183273987		0.7972120777393324
3190		3.1334039556297513		0.8022988349058957
3200		3.1523029645483325		0.8039169333918719
3210		3.1432204555766394		0.7982539830319525
3220		3.1441710707150117		0.8022699539672775
3230		3.1386467816565222		0.8079683403319595
3240		3.12293864649275		0.802062269752723
3250		3.137883056091743		0.8012662787115853
3260		3.1341135257964323		0.8007213766058349
3270		3.1348338522234025		0.7981062084774863
3280		3.1335353012703138		0.8062110773694824
3290		3.1395037992062735		0.8022287128312615
3300		3.1504568183160107		0.7979241931148797
3310		3.147954391099037		0.8015700131946506
3320		3.161771532168432		0.8069954435018465
3330		3.1339825392389637		0.7980708140670004
3340		3.154188427631288		0.7998460819578074
3350		3.1432071020791907		0.8028831048362355
3360		3.1361311564288914		0.7981062146715788
3370		3.129379541134739		0.805336676511156
3380		3.145310555809351		0.8011842083549855
3390		3.1552518511069563		0.8012183926800684
3400		3.155559597881627		0.7989336065845535
3410		3.147396638263797		0.8008053489016516
3420		3.142336967193045		0.7981902917759298
3430		3.1676019086567413		0.8033612178042533
3440		3.1495586669976303		0.8053353037713407
3450		3.1214129052579174		0.8108112323204346
3460		3.1454654379621605		0.7986170489372356
3470		3.158799460788747		0.7963815349507942
3480		3.1440159005034505		0.806599083540989
3490		3.151281744904555		0.8019906675728691
3500		3.1498051434046035		0.8049308703631132
3510		3.1092286658552064		0.8049309286527272
3520		3.1480824049483975		0.797447477588072
3530		3.127859870328116		0.8045569617270936
3540		3.1506675122930687		0.8034175108025616
3550		3.1435418448345525		0.7993820154722424
3560		3.135659944908045		0.8019188758790488
3570		3.1451685649292322		0.7988298548678548
3580		3.1506460130436515		0.7976011444860696
3590		3.132782284964881		0.8033051743339931
3600		3.1220200207414988		0.8045488301474867
3610		3.144790657521398		0.798067181415902
3620		3.1567018184835614		0.7995302251613572
3630		3.125969434728825		0.803092822724588
3640		3.1570584542827076		0.7988389272896811
3650		3.1544210532309336		0.8031887369430124
3660		3.145915985841839		0.8003359158089545
3670		3.1281530165594535		0.8057863375251993
3680		3.147703623267009		0.7993613855174457
3690		3.1525456042385014		0.8037845923432102
3700		3.130482827443267		0.8060169754902412
3710		3.153186578072855		0.7999920200458853
3720		3.1235461027745988		0.8029855055554643
3730		3.1458502039356286		0.8013095171543113
3740		3.1453171619305693		0.8054345646368741
3750		3.1387109954342454		0.8014939839563575
3760		3.1434883914255396		0.8038284830435266
3770		3.1426531693940696		0.8029543788956324
3780		3.129428151406813		0.8019244329653059
3790		3.1416725038974844		0.8038573260674328
3800		3.121511604323114		0.8042246374322968
3810		3.167110842024259		0.8002237524539855
3820		3.1733201171326164		0.7968580305820188
3830		3.155848554524759		0.8027177267497698
3840		3.1399094051519536		0.7957246576060046
3850		3.1398463975979354		0.8026060441875369
3860		3.1172701723895306		0.8021370275805472
3870		3.130290988206442		0.8032864498559563
3880		3.156153506893811		0.8011794709228119
3890		3.149255770082517		0.8019752570880385
3900		3.1438603994153613		0.8021576308846504
3910		3.1373201921464386		0.8035702778200969
3920		3.143131988780571		0.8035129762978704
3930		3.1477410152432665		0.801491743480049
3940		3.128185250921604		0.8015893103403022
3950		3.1265270868652677		0.8066819398027401
3960		3.160584881206166		0.8015170943709147
3970		3.1187168703656187		0.8035575563701258
3980		3.1276661496222906		0.802081956056051
3990		3.136895311435024		0.8001539947513415
4000		3.1366497700487828		0.8032215102106933
4010		3.129206877753666		0.8070239465942569
4020		3.158262929456019		0.802853497214042
4030		3.1234706871704905		0.8000325212991631
4040		3.145445763456828		0.7973182306951251
4050		3.133772112834579		0.8020416289355523
4060		3.1532699011201015		0.8025831808206729
4070		3.1345134579551686		0.7988584898933936
4080		3.1587432551105223		0.8018851831057273
4090		3.134276487828129		0.7999188931622309
4100		3.1421602905877903		0.8003935761401403
4110		3.1541955409445173		0.8014607393355061
4120		3.133764294954269		0.8014928812596297
4130		3.1444014974103642		0.8067488662396095
4140		3.149993137793845		0.7992067534589355
4150		3.1382163446730678		0.803583437570174
4160		3.128541790619276		0.7990437722161439
4170		3.153525605900545		0.8019405175583637
4180		3.140079158756005		0.8059279440591002
4190		3.1588956874664316		0.8020823048155697
4200		3.137323085907898		0.8042829879067314
4210		3.139319975854249		0.8003919715151409
4220		3.1511581860482245		0.8025619985016584
4230		3.1419739399015163		0.7985196522167044
4240		3.1351418388432313		0.7989250109650289
4250		3.1222868834850352		0.8029448749062047
4260		3.157147158648715		0.8044215880426001
4270		3.1414906546550765		0.8009057152788978
4280		3.1236196034203396		0.7984791332426313
4290		3.1582374452994153		0.8001494870431293
4300		3.136129624352398		0.8081670595097455
4310		3.1552089432965977		0.8043231893342205
4320		3.1345968895730856		0.8054871111201588
4330		3.12242708968651		0.805592207518891
4340		3.1427792855408887		0.799667637268281
4350		3.138922496528053		0.8040600822694847
4360		3.159791589474323		0.7969360574164901
4370		3.1444876727264965		0.805667433560475
4380		3.1463905027630226		0.8022994192481407
4390		3.123088276154403		0.8036774061597393
4400		3.1416039704938243		0.8037337580700362
4410		3.146397877372188		0.8025997386360092
4420		3.1352460985071025		0.8016334116677454
4430		3.148825900697162		0.8014759902812693
4440		3.132541581934075		0.8014151158235636
4450		3.1404681485762644		0.8030201871141328
4460		3.1353461745798312		0.8062092669332251
4470		3.1438563714086585		0.8036181826512437
4480		3.1437568701611065		0.8006252473168539
4490		3.154173486202002		0.8040672876007591
4500		3.1424863483453604		0.8028313981315047
4510		3.151855149394558		0.8042958435993762
4520		3.1336307365362774		0.7980987157839734
4530		3.120050572422948		0.8042886530177297
4540		3.150734153862957		0.7970021058946583
4550		3.1428382315951895		0.7980770591223872
4560		3.153665607350671		0.8024602195125378
4570		3.132484970368407		0.8009968421068135
4580		3.143179793147928		0.8045822356318104
4590		3.1317074051937994		0.8031132587269205
4600		3.1488732493442018		0.8001700156289533
4610		3.135603121563585		0.8048500968646168
4620		3.151808657571781		0.8044635403261697
4630		3.1313086824360004		0.8012279305201702
4640		3.13216727977943		0.8067218343395138
4650		3.1397282836114377		0.8023909958463525
4660		3.1403194410448205		0.8025826508630866
4670		3.138733816617917		0.8018626680253744
4680		3.1251158956383924		0.7985410597860106
4690		3.1467494797926956		0.8014838538805827
4700		3.14191310900605		0.802777668429628
4710		3.1358884084592784		0.8013346751745153
4720		3.1553419678760712		0.8012239301872421
4730		3.146469651076949		0.8032697732509364
4740		3.139926025378314		0.801934810409315
4750		3.1305051816657157		0.7992029036860326
4760		3.146813270771199		0.7984152088032792
4770		3.148200681350537		0.8020628484901842
4780		3.167993426948554		0.8014440563090311
4790		3.140288267219906		0.7993572029099963
4800		3.1297918725766607		0.8019324528019246
4810		3.1496762877849105		0.8017635504587429
4820		3.1335591911857694		0.8024359833153956
4830		3.150749555689666		0.808710828771402
4840		3.144570273220713		0.800528086029096
4850		3.1452732898832254		0.7991106395965547
4860		3.1347321896258227		0.8015288229749702
4870		3.151624311011776		0.8018454850332476
4880		3.1456689175308075		0.8061356869343455
4890		3.1458400581568435		0.7995260165866108
4900		3.14672304590989		0.8012120346925354
4910		3.1473276059228366		0.8018535976887435
4920		3.1470970538306573		0.8007591978465576
4930		3.1541463797837452		0.798808410003697
4940		3.152962838988417		0.7985467589495527
4950		3.1494986045361197		0.8027737580847315
4960		3.13095591398077		0.8053613822746631
4970		3.1459449555078067		0.8003846364364589
4980		3.144146191076761		0.7984826733456118
4990		3.135760906208207		0.8012003188112174
5000		3.1551945990355432		0.7972016145413083
5010		3.1390980109401663		0.801202978410806
5020		3.1337732384091344		0.8033428776522958
5030		3.1315898137679556		0.8034449356661787
5040		3.1358924408411326		0.8019612209460492
5050		3.138530648593907		0.8040306185020528
5060		3.1287994706941418		0.8053345727311793
5070		3.1454359825498366		0.8032066492157139
5080		3.156383082210009		0.7998125270932652
5090		3.149545603233857		0.8037454531510929
5100		3.1396781010000585		0.8009139524388166
5110		3.1484659264716766		0.803739239896687
5120		3.148395091210328		0.8010881117457408
5130		3.1447205601349517		0.8046653460648546
5140		3.13051886584427		0.8036940278470285
5150		3.1441278975377114		0.8056758040638805
5160		3.145682137446845		0.8002074197298173
5170		3.16075756313676		0.801384218608158
5180		3.1316596040527136		0.8016367167977748
5190		3.1224876967600372		0.7999227866807633
5200		3.1361459514129844		0.8051602359106927
5210		3.1418457039048397		0.802755002787761
5220		3.1361048150960813		0.8022605771559478
5230		3.137751439444952		0.8000875002049328
5240		3.144476588160936		0.8002774469389444
5250		3.1414672541894584		0.8029257431713934
5260		3.1445710778913387		0.8014434224965723
5270		3.1320170466825243		0.8052129837736761
5280		3.154621719106337		0.8044074281312036
5290		3.1310252816787534		0.8015301001925942
5300		3.1452581145550096		0.8036922480137239
5310		3.1434528077834996		0.8022582365136472
5320		3.1582581030172965		0.8035770665405336
5330		3.132851658422216		0.8010930477144703
5340		3.145518252128258		0.802621603263545
5350		3.1326041084252005		0.8011690290263258
5360		3.1456378704843795		0.802208866988677
5370		3.1515192638760223		0.7996141873252283
5380		3.1328749536237948		0.8039974680874601
5390		3.132828807791236		0.8035045632843675
5400		3.1435132592879875		0.8038686789226686
5410		3.1412187243898466		0.8022488696181351
5420		3.1418952152497006		0.8051760446582219
5430		3.1499168260522272		0.8015179510120254
5440		3.1451141050471922		0.7988393533827531
5450		3.114072794598846		0.797931283464464
5460		3.1368039082011094		0.8031702011340445
5470		3.129498233716388		0.8036870467001075
5480		3.139841647929942		0.8049736168152403
5490		3.11569904396439		0.8063654502701226
5500		3.1458696521333067		0.8051919545117439
5510		3.1450000865066823		0.8043044250213429
5520		3.14865646945295		0.8034506226228428
5530		3.1337883023784774		0.8031951336792431
5540		3.1513712977467487		0.8002890280799541
5550		3.1326276206032664		0.8054478051458176
5560		3.1327555354427257		0.8012695473160993
5570		3.1419079255524864		0.8040604076513265
5580		3.1311703997140206		0.8024612580953715
5590		3.133606093712054		0.8012840097202928
5600		3.145775638468768		0.8051495215664658
5610		3.150895290288547		0.8053455624081369
5620		3.1282268429012383		0.8017896124853265
5630		3.1401668801316793		0.8007437806573205
5640		3.1466607247803937		0.8032527978204766
5650		3.1428440303242673		0.8009233365864352
5660		3.138789855891111		0.804336640609232
5670		3.1322369707688154		0.801009845654099
5680		3.1414978204481914		0.7993905813139797
5690		3.135105784546024		0.7992152753790651
5700		3.1513947141599017		0.7996148683588636
5710		3.1288390635388446		0.8026650272915639
5720		3.15387765234211		0.7999464363829272
5730		3.1288623729043343		0.8034413578021737
5740		3.140029191611929		0.8025584281742693
5750		3.141481749224755		0.8012877758253387
5760		3.1470534600550715		0.8039266966049513
5770		3.138738703737154		0.8010557467764118
5780		3.150638227875874		0.8034629617641162
5790		3.142280053237172		0.8020235612161685
5800		3.146970069686948		0.8012947680698344
5810		3.147842227827601		0.802815978833825
5820		3.135874532872934		0.8058317184664062
5830		3.1539178741118583		0.8012146998431451
5840		3.1385225703027144		0.7995825677868752
5850		3.1445121719165545		0.8018146727919424
5860		3.147096706163869		0.8025677290219524
5870		3.1411670398284874		0.8012818000334228
5880		3.137852861106603		0.8011164499558696
5890		3.137050900762565		0.8030992613167611
5900		3.1355215439060045		0.8051834724128099
5910		3.13160913812578		0.8067883462469005
5920		3.149951027051024		0.8018576196514163
5930		3.15304251621596		0.8012285935725135
5940		3.150546104652713		0.8013406254589681
5950		3.127186878812359		0.7992051351258427
5960		3.144646975666801		0.8010898734730938
5970		3.147576141218973		0.8031648295400793
5980		3.1404870039611867		0.8022322674703536
5990		3.152013724658458		0.800125294654475
6000		3.162274611064396		0.7993854398167748
6010		3.1430248601255846		0.7996223606559122
6020		3.1467729388642023		0.8023561466282839
6030		3.133981641033613		0.8049898225326889
6040		3.14833079254133		0.8028018626587561
6050		3.142813037229498		0.8011794789903702
6060		3.139480904685536		0.8014322996973317
6070		3.1513383779225985		0.7987020696911987
6080		3.1296387593044677		0.80256804953689
6090		3.143816121611031		0.80349127680553
6100		3.1517609139996403		0.7981253587278361
6110		3.13291116679556		0.8061339212614902
6120		3.1323330976417902		0.7995742056283489
6130		3.1416249394416904		0.8016917642232565
6140		3.131492254262705		0.7995948675471265
6150		3.138121690207065		0.8018945899921409
6160		3.1422008805122856		0.801594827820119
6170		3.13630660697991		0.8034040241451401
6180		3.142444012095327		0.8032319671210181
6190		3.147693602263314		0.8019926032834859
6200		3.141981663805559		0.8040839350419198
6210		3.141630045743634		0.800903581188717
6220		3.1493220446900176		0.8020071789141702
6230		3.1384803332057087		0.7998299132773935
6240		3.142337004710785		0.8010742896820383
6250		3.127511822146568		0.8017079250421327
6260		3.150269867277258		0.8001675789723781
6270		3.1473881085825868		0.8008566568071304
6280		3.1550754792844287		0.80267609648055
6290		3.135470369050413		0.8019933425602088
6300		3.141350048448406		0.8012373068649379
6310		3.1498827727978425		0.7969375161810545
6320		3.1354773309973316		0.8024279449430138
6330		3.1440219164372687		0.8013183156780599
6340		3.1470608287623536		0.802208945492816
6350		3.1571476210790594		0.8008158062263493
6360		3.146524352354553		0.8028441955223538
6370		3.145633104072293		0.7994253962879752
6380		3.1519103787501046		0.8010530112609935
6390		3.1460369461155975		0.8018908072053598
6400		3.1279650429762493		0.8003664641226524
6410		3.135638802105962		0.8043415535303576
6420		3.141182362306267		0.8029625338564325
6430		3.125684670942118		0.804005578120117
6440		3.148099549298559		0.8026270033884471
6450		3.1492146980493554		0.8012195155745128
6460		3.140649719483672		0.7994723157096607
6470		3.1413980717175054		0.7990101749742107
6480		3.128383389673009		0.8044286834565124
6490		3.143493039208467		0.8025019564010881
6500		3.1446864908595513		0.8032759052879594
6510		3.1447435269611357		0.7971458707475472
6520		3.155739352315076		0.7993473966777469
6530		3.1332086413414264		0.8019829908731141
6540		3.1424527732698517		0.8039431973121978
6550		3.1417582407538833		0.8020423546130339
6560		3.1324959453553536		0.8004892003678682
6570		3.1460586618518684		0.799432283956865
6580		3.1456369387539302		0.8002612268574522
6590		3.1348780539898065		0.8036554420525248
6600		3.1401251724586134		0.800016817901365
6610		3.1528089769330476		0.7995547065564498
6620		3.1506336261924264		0.8024523528754621
6630		3.1317068444148046		0.800616073830499
6640		3.1467348662563364		0.8037723196843987
6650		3.148843183624423		0.8032557396217228
6660		3.1361860177214194		0.8010851289395919
6670		3.1436266581722654		0.8006314366740009
6680		3.143364467348039		0.8023416515629935
6690		3.1317970543429294		0.803926033035984
6700		3.133727122337651		0.8021939191222063
6710		3.1479135310195865		0.7992182180040276
6720		3.140682261657498		0.8025922543778328
6730		3.143838339115879		0.8027873340569409
6740		3.13721634283952		0.8028012181377749
6750		3.133348622219713		0.8027726240686288
6760		3.1286702612007717		0.8012983458020984
6770		3.135893744764493		0.7982185295153538
6780		3.1596397566731205		0.7988298863483555
6790		3.144980008716603		0.7997690087744306
6800		3.151120132948671		0.8019862822263153
6810		3.1406092084684567		0.8053492670088075
6820		3.147577057426777		0.8006365499761139
6830		3.1514793423116356		0.7999755575805433
6840		3.1413166160602097		0.8019916174203278
6850		3.1399241195074117		0.801376437971766
6860		3.1438393374396782		0.7974131597838763
6870		3.139933338531058		0.8048382436062198
6880		3.129307861060886		0.7998539912564028
6890		3.136798239890533		0.8024365416264064
6900		3.138023739439065		0.804938994496353
6910		3.134490632671444		0.8047116747709584
6920		3.1423453576619553		0.7990596134082634
6930		3.153138126719015		0.8000714446272778
6940		3.138814262889407		0.8044856179388996
6950		3.1487420809393565		0.8014278435931677
6960		3.132255203485946		0.8001667758688699
6970		3.1424304295739205		0.8034397125667987
6980		3.1283924931339775		0.8005625438492955
6990		3.1460878428414394		0.7970213585126567
7000		3.140534795700101		0.7977365771954179
7010		3.1366122934358747		0.7986878950924231
7020		3.1409388327348737		0.8021600989439773
7030		3.1362416158999125		0.7995102784478225
7040		3.1354547786679494		0.8028718410096402
7050		3.131672880259307		0.7978496169225774
7060		3.1431981242568403		0.8049520483745034
7070		3.142547837276785		0.8005787072355272
7080		3.1424833412589925		0.8010286412604647
7090		3.1324079911609983		0.8006064346392383
7100		3.1477501244075685		0.802595694496668
7110		3.1409653914300617		0.8045938614133002
7120		3.136959520241764		0.8022748342666706
7130		3.1383774584586974		0.8039564393411482
7140		3.1357686142624175		0.8010702559630892
7150		3.147869066474286		0.8011874694090544
7160		3.144902746673239		0.7989995528755834
7170		3.143690576737368		0.8025369894199638
7180		3.1438625939255664		0.8013920127961617
7190		3.1412788245778906		0.7995494694430787
7200		3.1343943763390656		0.8034673858215078
7210		3.147267763343389		0.801752679626621
7220		3.14408630057325		0.8020105363006864
7230		3.154642294772126		0.8028259956109589
7240		3.1418915566840075		0.8051279152802365
7250		3.1383307772230284		0.8009015878632986
7260		3.1375544846535077		0.8032587030486698
7270		3.149873526902283		0.8010202080973723
7280		3.1303250007684875		0.801550409814554
7290		3.152872067097288		0.8013923178087138
7300		3.135704120730119		0.8010635743619481
7310		3.1386194990191316		0.8035200702387703
7320		3.131015996927784		0.8019522501446098
7330		3.1453432166790694		0.8004280092949665
7340		3.1366515177785415		0.8001521237332974
7350		3.144332017573093		0.8035800978668999
7360		3.145172666961384		0.8025449932316736
7370		3.143355954569713		0.7990871556705258
7380		3.156743338185439		0.8011804075112094
7390		3.139297102793016		0.8009705763459575
7400		3.1499442561460165		0.8006532535255446
7410		3.135718561411945		0.8022640401550655
7420		3.1460621042462664		0.8013637230811241
7430		3.1469384922377928		0.8050062402968655
7440		3.1423973217171333		0.8036769069218127
7450		3.136084793144295		0.801287418463286
7460		3.1469162402982347		0.8029483346984004
7470		3.1461507406174167		0.7992478636016704
7480		3.1524641467570618		0.7983219757854325
7490		3.1350144710396957		0.8029792232491705
7500		3.1326626627270544		0.8040529082807457
7510		3.146032871023513		0.8040509682567638
7520		3.15137994678913		0.8006111563442356
7530		3.141729853788794		0.8025372940329274
7540		3.148457696210439		0.8033945925193935
7550		3.139889968145016		0.8050301454862576
7560		3.1316314571312733		0.802417313524128
7570		3.143667320615109		0.7977398499798907
7580		3.140564009833955		0.8008287251838173
7590		3.1382347869617435		0.8015364230171746
7600		3.1427155528392197		0.8027133782196102
7610		3.1404299141708756		0.8027541209464789
7620		3.1391555727429665		0.8024544370914938
7630		3.146868060682606		0.8030274320470293
7640		3.145864006105288		0.8022801879123933
7650		3.137821291895393		0.8008936698011269
7660		3.147605875168497		0.800927450315557
7670		3.130634702170156		0.8057262151337066
7680		3.129594927422223		0.800041523724183
7690		3.1389364511513707		0.8021102253828191
7700		3.1400712287290466		0.7999686746595546
7710		3.1317593548431053		0.8039852991125865
7720		3.1324068260763296		0.8017268715247892
7730		3.140194051088935		0.800639768416524
7740		3.139540246284454		0.8016120953508749
7750		3.143064477060853		0.8011579813814891
7760		3.134837952820445		0.8044424397251496
7770		3.132827717313669		0.8027684931104251
7780		3.129479383377104		0.8024035183775312
7790		3.1471190299939726		0.8006985116276442
7800		3.1327092326617976		0.8004473741297189
7810		3.1470249362457685		0.8030216314081728
7820		3.1419271345030744		0.8037210262410618
7830		3.1526398231325135		0.7990706677320448
7840		3.1266276210929975		0.8039770773787565
7850		3.1503030270960606		0.8012436554260055
7860		3.1375250884039407		0.7986561715439762
7870		3.141191070985886		0.7988494840446919
7880		3.136544672996189		0.8063795535440785
7890		3.1405845285352614		0.798982972880821
7900		3.1568063940353834		0.799997831540377
7910		3.136213940842908		0.8018795474026466
7920		3.1485814012780216		0.8017718916859568
7930		3.1523052914799012		0.8017189101196115
7940		3.145440494974028		0.8018563029379959
7950		3.140201085006003		0.8023104714505344
7960		3.1492049371469446		0.7979452863367075
7970		3.1548637337555903		0.8037522067618378
7980		3.1444341412846626		0.8040847111833805
7990		3.1497731131755797		0.8037354732845216
8000		3.144232453375552		0.801374480083399
8010		3.1441873495038912		0.8007019409172477
8020		3.1474544238063116		0.799419014154574
8030		3.1358518325995175		0.8015926693360882
8040		3.15547059193663		0.8019816012118481
8050		3.1509358458860026		0.8022391043044059
8060		3.139212257904626		0.8013851948670927
8070		3.149448479653606		0.8021716662897792
8080		3.1462786263442757		0.8020531014645559
8090		3.139977750829001		0.7987229737139432
8100		3.1378424215896534		0.8070233068787857
8110		3.147568288340121		0.8027249650860311
8120		3.1340968927860406		0.7994438238593218
8130		3.143967368814963		0.7961167515350007
8140		3.1397903037617634		0.8015172476058827
8150		3.138242813945926		0.7996887875586058
8160		3.138978207405655		0.8027091525413721
8170		3.1290877702950746		0.8056467664209574
8180		3.1314524936876778		0.8020190540574952
8190		3.148010129977276		0.8010946785608782
8200		3.1521717541876906		0.8023484701694138
8210		3.1417119208311908		0.8004893222103401
8220		3.140197054646916		0.80340882366692
8230		3.142103371768806		0.8006515919762367
8240		3.141484868461235		0.7991384898236027
8250		3.146794127553355		0.803977605947472
8260		3.1376682997903886		0.7984177779443139
8270		3.1344095199014013		0.8027596915942851
8280		3.1441334748767282		0.8039781874012023
8290		3.1481282008785336		0.8025781357584012
8300		3.1460644517186376		0.8030701741058276
8310		3.137371450632656		0.803475068984549
8320		3.1422800914442406		0.8043222632280763
8330		3.139615168487655		0.7990232681143575
8340		3.1420505436462425		0.8025582831605594
8350		3.1396485097835836		0.8021524357456533
8360		3.1376192103005023		0.8025515685605459
8370		3.147370780995292		0.8020156935643602
8380		3.134378268089199		0.8036236559733402
8390		3.135225027633006		0.8005503353004733
8400		3.1342244883968267		0.8009203596804512
8410		3.1411406150768495		0.8025902974099822
8420		3.1331907507070826		0.8043457448812754
8430		3.1490783994535296		0.8031845744886777
8440		3.1463495057293964		0.8023934498411331
8450		3.142331460917791		0.8009078823227186
8460		3.1372249222495525		0.8011988090431436
8470		3.1438177594281678		0.8032394706584124
8480		3.1396236616825437		0.8049483868970637
8490		3.1352605367567925		0.8010134565842334
8500		3.1361285530056335		0.8025205276360146
8510		3.149000385732055		0.7984890049805361
8520		3.135404612007599		0.8040048970354781
8530		3.1406155104654614		0.8048664138938053
8540		3.147235701938608		0.8023902928476518
8550		3.131083599511786		0.8015586325416897
8560		3.1507039747063876		0.802755195858883
8570		3.1517341763181235		0.8008271122745417
8580		3.1364247824004217		0.8023754458437453
8590		3.1328932564991683		0.80023691945864
8600		3.1442622975631993		0.8034314111923597
8610		3.1388591334331437		0.8012094988749306
8620		3.122640948887212		0.8045706440407562
8630		3.1488402094173082		0.8021238818972178
8640		3.1381681533908683		0.803562290648789
8650		3.1510022329376066		0.801802557079272
8660		3.1470993060625556		0.8022018481325147
8670		3.1418061466470886		0.8043810175537288
8680		3.146834926435368		0.8026047442062003
8690		3.1421455414207538		0.8043705293677034
8700		3.1415141634371793		0.7992324674015892
8710		3.153089183214293		0.802932117320633
8720		3.131023139489557		0.8016325434404028
8730		3.13849436818278		0.7989561308714643
8740		3.133491397170972		0.8048191007484675
8750		3.1493122742083757		0.7998377739294846
8760		3.131725165071227		0.8018506529656398
8770		3.1476801369908722		0.8026529782845365
8780		3.145329669784589		0.8035073071675496
8790		3.1386049512540404		0.8032275143332508
8800		3.139977049849966		0.801657803684877
8810		3.148723673565064		0.8029917950482631
8820		3.1558897812979394		0.7987337046883768
8830		3.1420792432379514		0.8013878598184356
8840		3.143809308297779		0.8055658592126802
8850		3.128878867514187		0.803811791439067
8860		3.135526679977339		0.8042729111155829
8870		3.1440484657618994		0.8014411627304633
8880		3.1412015705280556		0.8006699927823319
8890		3.1346273039074743		0.8015450477839042
8900		3.1465401374016393		0.8013051857412555
8910		3.136975958027233		0.8014783185092756
8920		3.126416843421511		0.8031899846562377
8930		3.14249851206561		0.7988435758177341
8940		3.1519436069677584		0.7996499312675088
8950		3.148166281296608		0.8001852979802018
8960		3.135932676598213		0.8031401899900101
8970		3.144445368144215		0.8003348188800615
8980		3.1437101080083805		0.802103398153974
8990		3.13823855845299		0.8019152091511454
9000		3.1474089133045244		0.7995042609403589
9010		3.147387114914178		0.804130668785607
9020		3.1490889558487742		0.8037815316114739
9030		3.144286413808978		0.8007681880320933
9040		3.1372241910535905		0.8009313357780375
9050		3.1446875016237126		0.8014775290526115
9060		3.141107410173371		0.8039784759437236
9070		3.135570473196363		0.8008936793770006
9080		3.1401736938637628		0.802870968399136
9090		3.144274807918027		0.7987412643688561
9100		3.1272186370871116		0.8036640182408165
9110		3.1435578796776475		0.7988503810233801
9120		3.151867385639997		0.7996983859472943
9130		3.1354949334495212		0.8016939335398072
9140		3.1419005004502467		0.8029350609934378
9150		3.1486792652439695		0.8040061634132216
9160		3.1421490294311494		0.7990081352612068
9170		3.1466194142463513		0.8016135886635891
9180		3.136230405384318		0.7993285284529796
9190		3.1422051464074654		0.8024667307673963
9200		3.1353869219277333		0.8022141071896107
9210		3.147118318811727		0.8036798842656777
9220		3.146067451078951		0.803204498094848
9230		3.140861004220353		0.8016253335250132
9240		3.14162878614053		0.8028530626962279
9250		3.144610708601003		0.8002604572840879
9260		3.151358785810808		0.802317387088399
9270		3.1401390416254973		0.7995742286641192
9280		3.141103906892061		0.8036295279086207
9290		3.155806486019336		0.7998421253093106
9300		3.142329392928063		0.8009066108816013
9310		3.139082932441484		0.8040121716230215
9320		3.1329135996075754		0.8028950306493117
9330		3.1458870915957258		0.8008713630352288
9340		3.1371567501588715		0.8014279194812578
9350		3.143303479047534		0.799012639251685
9360		3.1308259103590075		0.8006515889286878
9370		3.1385378686715946		0.8036237065704473
9380		3.139530257833387		0.8023883349766786
9390		3.1453609083994802		0.8012922072900488
9400		3.139826474234772		0.8035980966590267
9410		3.1611866547351157		0.799189703375018
9420		3.144324650706843		0.8025647583422347
9430		3.1437028425524405		0.8026344551838417
9440		3.1400621182269832		0.8025861129144565
9450		3.1484824753992537		0.80325984513104
9460		3.140790238477803		0.8033997477486374
9470		3.151173596572409		0.8020759843337022
9480		3.1464956527712764		0.7978124602366397
9490		3.151297315821259		0.8020182487934211
9500		3.1373585601330127		0.8005764052599788
9510		3.139358383252672		0.7999018419170012
9520		3.1426559571284427		0.802563990494589
9530		3.134955419928718		0.8020206217841698
9540		3.1420805170667814		0.8000994062294534
9550		3.1499231645129373		0.8032635307334357
9560		3.1459239853777414		0.8011953717344072
9570		3.13584870473964		0.8062802824357176
9580		3.1321070738432066		0.803799796915121
9590		3.156163761552368		0.8020240244488649
9600		3.1405944753653756		0.8011877088099322
9610		3.147979162380613		0.8014141571840172
9620		3.1427662288143785		0.8011474988171743
9630		3.1397659594520335		0.8043751795539879
9640		3.1403390817292243		0.8026482823916606
9650		3.1472642769954096		0.8007240806206645
9660		3.145062721615626		0.8019045901170821
9670		3.1468444920350773		0.7997961629825217
9680		3.1526284674250755		0.8025854734069259
9690		3.1438307623704933		0.8013907504009149
9700		3.1473102032053077		0.8023512706299049
9710		3.144874983899271		0.8012375065570672
9720		3.1351656006272646		0.8007356552467003
9730		3.1395703728994344		0.8026557244821615
9740		3.132139652106721		0.7989939045201778
9750		3.1371557488598327		0.8025372778120499
9760		3.1369661338709416		0.8041985673364764
9770		3.1483312381282684		0.7993569442642565
9780		3.139324511857223		0.8013363173720609
9790		3.1408432632413117		0.8019445638906249
9800		3.1486308812109502		0.8030398549592122
9810		3.1340847561399747		0.8015181258822889
9820		3.154347747156809		0.8043140224238372
9830		3.1503569839424963		0.8018735563377049
9840		3.1428900137160034		0.8017083328010042
9850		3.144778580437337		0.8016793959421509
9860		3.1394864241387945		0.7977723484481886
9870		3.1320630898699715		0.8001250488061885
9880		3.1417882522269522		0.8002854777455858
9890		3.1416730620653572		0.8008176495578534
9900		3.148117554061102		0.7998379507143476
9910		3.131316148305983		0.803079288606187
9920		3.1324308049356144		0.801987669894014
9930		3.1414871519798133		0.8030405354340122
9940		3.145054012490537		0.8028531935859989
9950		3.14323942108103		0.8045334866689556
9960		3.138063032512485		0.8020731610183779
9970		3.136539709582205		0.8030149599225177
9980		3.149926316981365		0.8021156922397712
9990		3.136365657542549		0.8022363324278425
10000		3.1311469710604123		0.8004695154830933
